Kc 		=1.07563
Km 		=1.0612448595
a1w 		=5.95350339056
KG 		=1.44830933331
kv _root		=0.854807466156
km0_root 		=0.899795899383
kv _tip		=0.854807466156
km0_tip 		=0.899795899383
eta_ref 		=0.628611327722
alpha0r 		=-0.387849444332
